3
18
59
238
264
447
471
514
787
799
957
985
1008
1148
1168
1276
1364
1396
1490
1559
1588
1729
1946
2029
2055
2059
2106
2146
2171
2262
2357
2372
2467
2514
2551
2696
2707
3143
3262
3263
3320
3370
3434
3541
3752
3821
3868
4040
4154
4167
4177
4267
4275
4410
4456
4496
4500
4502
4569
4609
4641
4733
4756
4943
4947
4961
4963
5082
5274
5387
5581
5646
5659
5711
5822
5881
5894
5907
5922
5950
6102
6107
6112
6115
6347
6364
6413
6458
6512
6699
6740
6820
6833
6860
6922
6970
7004
7019
7021
7056
7355
7361
7418
7484
7496
7501
7629
7810
7819
8275
8330
8403
8440
8495
8551
8552
8604
8627
8718
8737
8830
9015
9026
9181
9428
9463
9510
9651
9665
9673
9679
9731
9765
9864
9870
9887
9892
10031
10165
10213
10423
10454
10468
10617
10833
10882
10949
10985
10988
11053
11286
11418
11434
11521
11700
11948
12167
12352
12726
12765
12959
12965
12980
13021
13027
13030
13048
13128
13148
13171
13201
13264
13390
13402
13656
13697
13826
13839
13988
14065
14247
14373
14478
14512
14576
14614
14650
14671
14721
14868
14983
15079
15144
15152
15219
15275
15389
15574
15611
15672
15838
15855
15894
15895
15929
15980
16248
16274
16281
16286
16356
16638
16695
16773
16778
16906
17081
17096
17228
17253
17301
17390
17449
17458
17533
17565
17650
17774
17800
17823
17829
17856
17920
18012
18176
18222
18380
18458
18491
18677
18753
18790
18813
18829
18852
18872
18983
18984
19005
19022
19059
19153
19238
19422
19503
19632
20031
20187
20222
20371
20427
20492
20570
20601
20658
20712
20835
20859
20876
21180
21275
21748
21777
21792
21817
22013
22069
22077
22143
22149
22198
22241
22287
22407
22592
22626
22745
22752
22770
22795
22821
22865
22927
23127
23226
23452
23678
23783
23817
23905
23988
23993
24277
24319
24326
24550
24593
24643
24734
24760
24790
24891
25168
25219
25302
25540
25600
25644
25756
25856
25859
25909
25924
26093
26296
26383
26717
26897
27233
27234
27420
27459
27591
27597
27790
27936
27999
28019
28137
28146
28185
28263
28347
28565
28601
